#include <ios>
#include <iostream>
#include <string>

void f1(unsigned int n, unsigned int m)
{
    std::string answers[25][30] = {
        { "1", "0", "0", "0", "0", "0", "0", "0", "0", 
        "0", "0", "0", "0", "0", "0", "0", "0", "0", "0", 
        "0", "0", "0", "0", "0", "0", "0", "0", "0", "0", 
        "0" },
        { "0", "0", "1", "0", "0", "0", "1", "0", "0", 
        "0", "1", "0", "0", "0", "1", "0", "0", "0", "1", 
        "0", "0", "0", "1", "0", "0", "0", "1", "0", "0", 
        "0" },
        { "0", "1", "0", "0", "1", "2", "1", "1", "4", 
        "6", "5", "7", "15", "21", "23", "34", "58", "80", 
        "101", "149", "230", "319", "431", "629", "928", 
        "1299", "1810", "2617", "3784", "5336" },
        { "0", "0", "0", "2", "1", "2", "5", "8", "11", 
        "18", "35", "54", "84", "144", "244", "392", "637", 
        "1070", "1769", "2884", "4751", "7878", "12971", 
        "21300", "35140", "58008", "95500", "157238", 
        "259285", "427426" },
        { "0", "0", "1", "1", "4", "6", "10", "21", "38", 
        "64", "116", "215", "381", "672", "1217", "2192", 
        "3901", "6982", "12554", "22483", "40209", "72081", 
        "129232", "231409", "414477", "742791", "1330806", 
        "2383788", "4270753", "7651888" },
        { "0", "0", "2", "2", "6", "14", "26", "48", "96", 
        "186", "345", "650", "1244", "2340", "4389", "8292", 
        "15643", "29414", "55383", "104376", "196509", 
        "369900", "696629", "1311816", "2469741", "4650256", 
        "8756442", "16487178", "31042896", "58451206", 
        },
        { "0", "1", "1", "5", "10", "26", "56", "110", 
        "225", "456", "900", "1768", "3475", "6815", "13309", 
        "25958", "50638", "98682", "192163", "374165", 
        "728403", "1417670", "2758926", "5368834", "10446938", 
        "20327384", "39551736", "76955509", "149729455", 
        "291321140" },
        { "0", "0", "1", "8", "21", "48", "110", "244", 
        "515", "1066", "2201", "4500", "9104", "18364", 
        "36953", "74096", "148282", "296420", "591841", 
        "1180640", "2353930", "4690966", "9344755", "18610816", 
        "37057427", "73775886", "146860523", "292319996", 
        "581810377", "1157930424" },
        { "0", "0", "4", "11", "38", "96", "225", "515", 
        "1140", "2455", "5214", "10963", "22846", "47274", 
        "97367", "199791", "408672", "833980", "1698822", 
        "3455374", "7020046", "14249111", "28901139", 
        "58585499", "118703874", "240423861", "486812590", 
        "985471551", "1994546215", "4036252898" },
        { "0", "0", "6", "18", "64", "186", "456", "1066", 
        "2455", "5482", "11970", "25830", "55194", "116892", 
        "245955", "514960", "1073719", "2231288", "4624453", 
        "9563426", "19741947", "40694068", "83781376", 
        "172318872", "354130432", "727275698", "1492764715", 
        "3062544312", "6280672239", "12876298088" },
        { "0", "1", "5", "35", "116", "345", "900", "2201", 
        "5214", "11970", "26886", "59472", "129909", "280971", 
        "602976", "1285809", "2727771", "5762300", "12129879", 
        "25459619", "53307663", "111388489", "232352130", 
        "483977243", "1006866805", "2092520414", "4344962102", 
        "9015254717", "18693654535", "38741414568" },
        { "0", "0", "7", "54", "215", "650", "1768", "4500", 
        "10963", "25830", "59472", "134528", "299977", 
        "661398", "1445185", "3134256", "6755756", "14487638", 
        "30935365", "65817782", "139605852", "295346312", 
        "623438089", "1313494204", "2762812068", "5803121084", 
        "12174274857", "25513306100", "53418734601", "111757377890", 
        },
        { "0", "0", "15", "84", "381", "1244", "3475", 
        "9104", "22846", "55194", "129909", "299977", 
        "681944", "1530651", "3400812", "7492477", "16390780", 
        "35645382", "77131299", "166188790", "356767886", 
        "763491367", "1629454148", "3469426898", "7371979903", 
        "15636326220", "33113660161", "70030207386", "147925040768", 
        "312132409493" },
        { "0", "0", "21", "144", "672", "2340", "6815", 
        "18364", "47274", "116892", "280971", "661398", 
        "1530651", "3493524", "7884330", "17627762", "39102794", 
        "86163100", "188783899", "411612028", "893676644", 
        "1933236080", "4168755111", "8964342748", "19229562149", 
        "41161057800", "87938597274", "187561391294", 
        "399448597157", "849579391480" },
        { "0", "1", "23", "244", "1217", "4389", "13309", 
        "36953", "97367", "245955", "602976", "1445185", 
        "3400812", "7884330", "18057208", "40934782", 
        "91999299", "205250629", "455032531", "1003304629", 
        "2201745109", "4811773224", "10477766713", "22742930857", 
        "49226561547", "106283867760", "228965879030", 
        "492282811601", "1056551935173", "2264017681266", 
        },
        { "0", "0", "34", "392", "2192", "8292", "25958", 
        "74096", "199791", "514960", "1285809", "3134256", 
        "7492477", "17627762", "40934782", "94018056", 
        "213932025", "482918964", "1082635921", "2412646530", 
        "5348578844", "11803028926", "25941460218", "56812397716", 
        "124026048387", "269993790520", "586268209492", 
        "1270148807834", "2746176995308", "5926607771260", 
        },
        { "0", "0", "58", "637", "3901", "15643", "50638", 
        "148282", "408672", "1073719", "2727771", "6755756", 
        "16390780", "39102794", "91999299", "213932025", 
        "492534414", "1124288598", "2547407941", "5734707278", 
        "12836950361", "28591843632", "63401694926", "140039725776", 
        "308231729075", "676299209987", "1479705225792", 
        "3229300218423", "7031467382002", "15278571349153", 
        },
        { "0", "0", "80", "1070", "6982", "29414", "98682", 
        "296420", "833980", "2231288", "5762300", "14487638", 
        "35645382", "86163100", "205250629", "482918964", 
        "1124288598", "2593760854", "5936743239", "13494689432", 
        "30488390561", "68512148390", "153222529340", 
        "341211326446", "756943468612", "1673443605608", 
        "3688193133659", "8105886516088", "17769935154198", 
        "38866081129038" },
        { "0", "1", "101", "1769", "12554", "55383", "192163", 
        "591841", "1698822", "4624453", "12129879", "30935365", 
        "77131299", "188783899", "455032531", "1082635921", 
        "2547407941", "5936743239", "13720433802", "31477637438", 
        "71750564977", "162612452909", "366655564600", 
        "822947306241", "1839488430522", "4096467767303", 
        "9092094327616", "20118527254288", "44394229981302", 
        "97715106962700" },
        { "0", "0", "149", "2884", "22483", "104376", "374165", 
        "1180640", "3455374", "9563426", "25459619", "65817782", 
        "166188790", "411612028", "1003304629", "2412646530", 
        "5734707278", "13494689432", "31477637438", "72859816050", 
        "167496885431", "382723610350", "869768784669", 
        "1966998629350", "4428898362334", "9932578055076", 
        "22195439306947", "49435950854568", "109780488573817", 
        "243120954664890" },
        { "0", "0", "230", "4751", "40209", "196509", "728403", 
        "2353930", "7020046", "19741947", "53307663", 
        "139605852", "356767886", "893676644", "2201745109", 
        "5348578844", "12836950361", "30488390561", "71750564977", 
        "167496885431", "388218182456", "894065698989", 
        "2047275082930", "4663859692484", "10575329393509", 
        "23878718985838", "53711036328435", "120392293087858", 
        "268996854275949", "599274159309298" },
        { "0", "0", "319", "7878", "72081", "369900", "1417670", 
        "4690966", "14249111", "40694068", "111388489", 
        "295346312", "763491367", "1933236080", "4811773224", 
        "11803028926", "28591843632", "68512148390", "162612452909", 
        "382723610350", "894065698989", "2074683905712", 
        "4785521544446", "10978871884238", "25064566723202", 
        "56968132366266", "128957027343118", "290838183516788", 
        "653711957891834", "1464774279518370" },
        { "0", "1", "431", "12971", "129232", "696629", 
        "2758926", "9344755", "28901139", "83781376", 
        "232352130", "623438089", "1629454148", "4168755111", 
        "10477766713", "25941460218", "63401694926", "153222529340", 
        "366655564600", "869768784669", "2047275082930", 
        "4785521544446", "11116464683746", "25677398930389", 
        "59008007141157", "134973000633838", "307422469755045", 
        "697482951665506", "1576812960987269", "3553037936642253", 
        },
        { "0", "0", "629", "21300", "231409", "1311816", 
        "5368834", "18610816", "58585499", "172318872", 
        "483977243", "1313494204", "3469426898", "8964342748", 
        "22742930857", "56812397716", "140039725776", 
        "341211326446", "822947306241", "1966998629350", 
        "4663859692484", "10978871884238", "25677398930389", 
        "59702675780296", "138076536427907", "317785793933416", 
        "728146260388115", "1661624359051004", "3777636659371268", 
        "8558715206098516" },
        { "0", "0", "928", "35140", "414477", "2469741", 
        "10446938", "37057427", "118703874", "354130432", 
        "1006866805", "2762812068", "7371979903", "19229562149", 
        "49226561547", "124026048387", "308231729075", 
        "756943468612", "1839488430522", "4428898362334", 
        "10575329393509", "25064566723202", "59008007141157", 
        "138076536427907", "321311045089704", "743939729699514", 
        "1714514520110665", "3934595317592636", "8994165243883671", 
        "20485880897859518" },
    };
    std::cout << answers[n][m - 1];
}

void f2(unsigned int n, unsigned int m)
{
    std::string answers[15][30] = {
        { "0", "0", "1299", "58008", "742791", "4650256", 
        "20327384", "73775886", "240423861", "727275698", 
        "2092520414", "5803121084", "15636326220", "41161057800", 
        "106283867760", "269993790520", "676299209987", 
        "1673443605608", "4096467767303", "9932578055076", 
        "23878718985838", "56968132366266", "134973000633838", 
        "317785793933416", "743939729699514", "1732487750419756", 
        "4015321523670997", "9265219311783142", "21292456988234253", 
        "48748866382249250" },
        { "0", "1", "1810", "95500", "1330806", "8756442", 
        "39551736", "146860523", "486812590", "1492764715", 
        "4344962102", "12174274857", "33113660161", "87938597274", 
        "228965879030", "586268209492", "1479705225792", 
        "3688193133659", "9092094327616", "22195439306947", 
        "53711036328435", "128957027343118", "307422469755045", 
        "728146260388115", "1714514520110665", "4015321523670997", 
        "9357244742176372", "21706743301586166", "50143270037462981", 
        "115382121566502386" },
        { "0", "0", "2617", "157238", "2383788", "16487178", 
        "76955509", "292319996", "985471551", "3062544312", 
        "9015254717", "25513306100", "70030207386", "187561391294", 
        "492282811601", "1270148807834", "3229300218423", 
        "8105886516088", "20118527254288", "49435950854568", 
        "120392293087858", "290838183516788", "697482951665506", 
        "1661624359051004", "3934595317592636", "9265219311783142", 
        "21706743301586166", "50616284630194342", "117516088438081729", 
        "271740790542463464" },
        { "0", "0", "3784", "259285", "4270753", "31042896", 
        "149729455", "581810377", "1994546215", "6280672239", 
        "18693654535", "53418734601", "147925040768", 
        "399448597157", "1056551935173", "2746176995308", 
        "7031467382002", "17769935154198", "44394229981302", 
        "109780488573817", "268996854275949", "653711957891834", 
        "1576812960987269", "3777636659371268", "8994165243883671", 
        "21292456988234253", "50143270037462981", "117516088438081729", 
        "274180772642526672", "637048964201239476" },
        { "0", "0", "5336", "427426", "7651888", "58451206", 
        "291321140", "1157930424", "4036252898", "12876298088", 
        "38741414568", "111757377890", "312132409493", 
        "849579391480", "2264017681266", "5926607771260", 
        "15278571349153", "38866081129038", "97715106962700", 
        "243120954664890", "599274159309298", "1464774279518370", 
        "3553037936642253", "8558715206098516", "20485880897859518", 
        "48748866382249250", "115382121566502386", "271740790542463464", 
        "637048964201239476", "1487084387418749912" },
        { "0", "1", "7536", "704021", "13708285", "110057751", 
        "566805187", "2304450645", "8166959678", "26391302744", 
        "80252083186", "233646624141", "658008462638", 
        "1804827728799", "4844537785770", "12769249793547", 
        "33136214216202", "84829149606066", "214583751458768", 
        "537074378283317", "1331489941018352", "3272746213715740", 
        "7981862310690503", "19329156907049708", "46504958004435183", 
        "111222451624559028", "264542381313346913", "626019711938815211", 
        "1474456788299575978", "3457581078798360132", 
        },
        { "0", "0", "10828", "1159984", "24558184", "207224714", 
        "1102790493", "4586056142", "16523441366", "54079784118", 
        "166175169976", "488182656346", "1386012165336", 
        "3830113717132", "10353113206362", "27471037166960", 
        "71743276826110", "184794513504498", "470237103081059", 
        "1183724708549940", "2951057523428343", "7293037180772098", 
        "17881082846265059", "43524792858576068", "105244885054759985", 
        "252940536794975490", "604496799876314051", "1437176459348206066", 
        "3400398947490901926", "8009400697704908764", 
        },
        { "0", "0", "15521", "1912043", "43998209", "390181094", 
        "2145611482", "9126442580", "33427734535", "110797378406", 
        "343977381265", "1019479120828", "2917340414045", 
        "8120457228215", "22099935779790", "59019634444186", 
        "155090229090289", "401859579189796", "1028485345993003", 
        "2603463980883918", "6525728856606461", "16212372056769757", 
        "39953910941772116", "97740273510436966", "237495867274747146", 
        "573510026875555128", "1377005017611230341", "3288696885454689273", 
        "7815753589497275682", "18489484241364823110", 
        },
        { "0", "0", "21992", "3150882", "78825727", "734670378", 
        "4174537456", "18161703930", "67621774999", "226964490794", 
        "711817703159", "2128023943718", "6136603436728", 
        "17202249817568", "47126110978830", "126643937079030", 
        "334789835746090", "872499465774560", "2245479028122309", 
        "5714910124464426", "14400178061460245", "35958857878307782", 
        "89060021056682051", "218931495365374628", "534504943855749693", 
        "1296730593275716848", "3127601630640119600", 
        "7502789757501818324", "17908130337221227289", 
        "42544509417108000922" },
        { "0", "1", "31236", "5191383", "141217780", "1383300287", 
        "8122032832", "36141495020", "136786964827", "464869836103", 
        "1472654685305", "4440195074945", "12900953127496", 
        "36413636993319", "100398318323967", "271448565919848", 
        "721768988736972", "1891557018036058", "4894534026017766", 
        "12522458470994274", "31714867313690784", "79589937494181127", 
        "198079187782306869", "489235418722780758", "1199961867286779406", 
        "2924329077463758017", "7084435879499577414", 
        "17068376900027937067", "40912406031305739307", 
        "97598845590649377351" },
        { "0", "0", "44713", "8554842", "252997736", "2604595852", 
        "15802311223", "71920275748", "276685008431", 
        "952048462274", "3046082986908", "9261404519986", 
        "27107931829561", "77028363188986", "213709833579730", 
        "581232259114586", "1554212579449862", "4095333408154550", 
        "10652731530076820", "27393743123162644", "69723065466665501", 
        "175820126886826714", "439638069615783761", "1090869361791761422", 
        "2687668385083386000", "6578774135754777776", 
        "16006391034233111484", "38726680341812945714", 
        "93210498606890341063", "223259200694267062942", 
        },
        { "0", "0", "63862", "14098576", "453260958", "4904167914", 
        "30745123206", "143117724065", "559645186446", 
        "1949614215029", "6299475110450", "19311674579136", 
        "56934633567353", "162845241757056", "454559394064271", 
        "1243397977483399", "3343121992222187", "8855676845573132", 
        "23153063388034267", "59834062957861384", "153026016098277767", 
        "387700672562049551", "973899193755792155", "2427375519449145965", 
        "6006793566127872066", "14766384058184949268", 
        "36078282487427010323", "87649314980264887419", 
        "211813084864800218611", "509345011323317718652", 
        },
        { "0", "0", "90741", "23232072", "812037135", "9234002248", 
        "59817959914", "284795485440", "1131954315603", 
        "3992148051456", "13025669900949", "40257596554774", 
        "119531952726886", "344083586913636", "966175513971730", 
        "2657689408889688", "7183941378487873", "19127560533728054", 
        "50257362149541824", "130505808491839282", "335336598301796609", 
        "853485739160897676", "2153533095781365680", "5390999495001971954", 
        "13397669058973709291", "33073210973344688484", 
        "81138473454679544133", "197912311287544356858", 
        "480160174922440579281", "1159101117316752652692", 
        },
        { "0", "1", "129177", "38281576", "1454796510", 
        "17386581279", "116382250611", "566723104340", 
        "2289476518294", "8174067648834", "26930130209671", 
        "83902521211679", "250863847168672", "726676481169455", 
        "2052336939276593", "5676279480002298", "15423306961127719", 
        "41270663218821394", "108962340516018860", "284275865460425406", 
        "733788152309053057", "1875932969459700042", "4754006100854791238", 
        "11951532083234311211", "29825728874960165561", 
        "73928024102335022447", "182093938807235497710", 
        "445906442620698850190", "1085992632110503471212", 
        "2631482135406257655355" },
        { "0", "0", "184524", "63084460", "2606339618", 
        "32736986876", "226434089433", "1127735737138", 
        "4630590950915", "16735853664886", "55670834964110", 
        "174829219343098", "526327100932287", "1534008430974010", 
        "4357061502531119", "12114836426479116", "33084798466450856", 
        "88961590527999888", "235980823175316284", "618471432277118074", 
        "1603532091167113193", "4117230062220848214", 
        "10478186100132424698", "26451441243635793640", 
        "66279538136037069456", "164939756695854390866", 
        "407855522284631013296", "1002575944918301631132", 
        "2450937697454077140907", "5960845048997047179992", 
        },
    };
    std::cout << answers[n][m - 1];
}

void f3(unsigned int n, unsigned int m)
{
    std::string answers[10][30] = {
        { "0", "0", "263178", "103957513", "4669385996", 
        "61640097524", "440551609531", "2244102657642", 
        "9365500423781", "34264093299420", "115073399404442", 
        "364230107390167", "1103956681703766", "3237001199341727", 
        "9245145413317812", "25839945692422532", "70916109569413069", 
        "191590912898086018", "510546491172939092", "1344020962587983855", 
        "3499785255180524091", "9024048947202570027", 
        "23060800856749749080", "58451025881389365367", 
        "147042121334536120017", "367344884426047286515", 
        "911821356499952434735", "2249806306907641246090", 
        "5520206136712807571915", "13474035559012244420249", 
        },
        { "0", "0", "374521", "171305638", "8365411785", 
        "116061387342", "857139880843", "4465573990636", 
        "18941790343164", "70148018313396", "237840656017051", 
        "758699980885722", "2314943080900319", "6828155923847442", 
        "19607816459834927", "55081970584481508", "151898414020470679", 
        "412275748854760810", "1103529500959661857", "2917650826594494046", 
        "7629538054069317274", "19753524825130814054", 
        "50683293744611078311", "128971574049872089892", 
        "325702870831802825934", "816770833458482118804", 
        "2034943333049897639378", "5039357776845028102622", 
        "12409236349501830481940", "30396264907802329490946", 
        },
        { "0", "1", "533619", "282286409", "14987016033", 
        "218530571958", "1667656392524", "8886101054338", 
        "38309583848857", "143608089403018", "491548459264494", 
        "1580174658601507", "4853247256672014", "14398746082463778", 
        "41567945922752334", "117352557959300886", "325145429749766320", 
        "886477876869850433", "2383152161823711397", "6327509350147672948", 
        "16614282896084591886", "43188682483923114811", 
        "111248607587672018298", "284180153910143306269", 
        "720376161055610797719", "1813200590226143322290", 
        "4533954975222486592753", "11268131230721056002330", 
        "27844994847781422391553", "68441905366736105148275", 
        },
        { "0", "0", "761403", "465176716", "26849955306", 
        "411468625658", "3244601905153", "17682543968780", 
        "77480236793928", "293989525151310", "1015827789532156", 
        "3290699518592526", "10172760810167603", "30354301288871966", 
        "88088331047536409", "249896575375394002", "695568933357285781", 
        "1904757500339427064", "5142395463770501790", 
        "13709868436233589534", "36142837049482364830", 
        "94321371099038896618", "243892227597487423276", 
        "625355945130582030286", "1591081387134930416474", 
        "4019293049445580671686", "10086128145633561026956", 
        "25154547641148325302482", "62374049191573626356243", 
        "153832012769144343158232" },
        { "0", "0", "1085401", "766554159", "48102945577", 
        "774749352108", "6312715863072", "35186647829225", 
        "156701126438388", "601833041874956", "2099186981044936", 
        "6852134656812555", "21319101097628725", "63973835293421675", 
        "186605200132649098", "531900479431523758", "1487171085471346575", 
        "4090021268625381052", "11087907133766421043", 
        "29679823496044224965", "78550425728013516564", 
        "205776215051477298830", "534080485134567583680", 
        "1374446636881551000329", "3509582555000211673427", 
        "8897084051638262849570", "22404301147915226363714", 
        "56067015026328917905314", "139493802310104044869906", 
        "345171218950135865159463" },
        { "0", "0", "1545839", "1263172686", "86178626886", 
        "1458766189146", "12282055331703", "70018173033362", 
        "316921304412923", "1232006178555986", "4337731651763981", 
        "14266705203484468", "44671534822254493", "134797590402909146", 
        "395173927188326765", "1131667640093326082", "3178032489633088882", 
        "8776999724961942986", "23890578636706425415", 
        "64200931756431933628", "170563747875053615370", 
        "448490279902755168194", "1168288895891596458842", 
        "3017355007591386581132", "7731802529516787679000", 
        "19668597821812413641352", "49697281055694844470905", 
        "124784440341615227054478", "311484802095133593317082", 
        "773256196880921428056534" },
        { "0", "1", "2203162", "2081542359", "154393022369", 
        "2746693361663", "23896035162338", "139329620303626", 
        "640957538941509", "2521991707748003", "8963085430715229", 
        "29702057496438646", "93590584464657842", "283967978294097939", 
        "836612538430446867", "2406802969288302159", "6788115706844811822", 
        "18824356553563248159", "51441963114216740253", 
        "138770105257260334955", "370050549289052673919", 
        "976583780849047883952", "2553029726258955853398", 
        "6616853773910713635929", "17013678943623468176234", 
        "43426813866161417591003", "110093193930117589087342", 
        "277337680200424298505882", "694519014059974616228934", 
        "1729611237744870489371107" },
        { "0", "0", "3141826", "3430126824", "276602322188", 
        "5171716062990", "46492258147001", "277252824636972", 
        "1296301105244048", "5162610390713574", "18519875643648220", 
        "61832774226399702", "196055623296725100", "598098929682087978", 
        "1770692802352546352", "5116921017570460094", 
        "14492693385878607980", "40352004591863042416", 
        "110698403484963491507", "299740858355147645212", 
        "802220900045241643889", "2124655607635295829428", 
        "5573768556660114862493", "14495390970147065299130", 
        "37396917433371804801058", "95770213729422058341510", 
        "243581934202032938504452", "615579185229349563736894", 
        "1546424995619657260004454", "3863161331376009518159564", 
        },
        { "0", "0", "4478044", "5652403768", "495545868090", 
        "9737762008933", "90455593343734", "551706865628341", 
        "2621691380968137", "10567951812012088", "38265404740863887", 
        "128713485104086178", "410655973510451813", "1259508568415716036", 
        "3746752740641714632", "10875160497176120447", 
        "30929445016048441774", "86456373832741350653", 
        "238076130703366329336", "647009618653449690885", 
        "1737826098896403590189", "4618621696319254455592", 
        "12157744414041715814701", "31723890030406986937884", 
        "82114430742791920438460", "210968683179050002905836", 
        "538287882153248331727764", "1364629383100039619716948", 
        "3438753747167615428390326", "8616628297504832745027683", 
        },
        { "0", "0", "6380241", "9314405456", "887793371969", 
        "18335115074900", "175990898976469", "1097844193850988", 
        "5302204520636638", "21632602982786708", "79061312426113028", 
        "267920403698559978", "860070165680795156", "2651923000661632372", 
        "7926273783566940195", "23106418308123712080", 
        "65982891972938240327", "185152938208685610838", 
        "511749477459076242022", "1395751781297852966800", 
        "3761988096514057133267", "10032328292932353756272", 
        "26496594737892396043585", "69365608357095521123098", 
        "180124819996989306892233", "464243592205261667956384", 
        "1188216005013555085192629", "3021541278968248221204704", 
        "7637108217088845598993403", "19193802440975537943547162", 
        },
    };
    std::cout << answers[n][m - 1];
}

int main()
{
    std::ios::sync_with_stdio(false);
    std::cin.tie(nullptr);
    
    
    unsigned int n, m;
    std::cin >> n >> m;
    if (n <= 25) { f1(n - 1, m); return 0; }
    if (n <= 40) { f2(n - 26, m); return 0; }
    f3(n - 41, m);
}
